[hand_eye_calibration]
x = 0.7803580148182224
y = 1.4971429560466503
z = -0.599549972362484
qx = 0.8022300913097303
qy = -0.2083706063639808
qz = -0.5593037050201961
qw = 0.013708995272094146

