[hand_eye_calibration]
x = -1.6456875610889055
y = 0.32884502553049677
z = -0.6581233621810537
qx = -0.11137179994285991
qy = 0.6454526788852358
qz = -0.7271892606900986
qw = 0.20538485979825313

